136.1      0.05977452424798424
139.44     0.0625737776132379
142.77     0.0672835899879165
146.11     0.06955081411550601
149.45     0.07590179124171348
152.78     0.07734081006187943
156.12     0.09267735020639156
159.45     0.10237617048289227
162.79     0.14272155255751118
166.12     0.188525386719689
169.46     0.22669893031245347
172.8      0.25404740475012444
176.13     0.2686916975493704
179.47     0.28869858695922423
182.8      0.2976972264848572
186.14     0.30961640422028425
189.48     0.3135278759676977
192.81     0.31838436519878754
196.15     0.32194523193488767
199.48     0.3278630424121519
202.82     0.33285213710060013
206.15     0.3361461365822489
209.49     0.3403452247447164
212.83     0.34031399444082333
216.16     0.3453975738064673
219.5      0.34557816138811026
222.83     0.34876191313613925
226.17     0.35023913442708765
229.51     0.35240675607308203
232.84     0.3521461415291822
236.18     0.35233330934116236
239.51     0.3551725695766139
242.85     0.3569377263282336
246.19     0.36003100314343195
249.52     0.3608357911771497
252.86     0.3615165385025504
256.19     0.3609734557498684
259.53     0.3619431354400856
262.86     0.3609940453906406
266.2      0.36168957057708495
269.54     0.3618820374304559
272.87     0.3621353330502324
276.21     0.36231327901346677
279.54     0.36307727551002233
282.88     0.362833900136562
286.22     0.36553247587400595
289.55     0.36305998393282135
292.89     0.36205312201887285
296.22     0.35576589225780264
299.56     0.3442065101983509
302.89     0.3302306791491868
306.23     0.31885723785735565
309.57     0.3114729154569743
312.9      0.2979736998474882
316.24     0.2931228143903337
319.57     0.2870125586952246
322.91     0.2852429006842784
326.25     0.2861080125217518
329.58     0.2849747001836299
332.92     0.28388114608814785
336.25     0.2850014410382543
339.59     0.28609486034959697
342.92     0.28830847670848625
346.26     0.28905426599836215
349.6      0.28621707526186535
352.93     0.29001329174221935
356.27     0.28777555914830133
359.6      0.28934086109461976
362.94     0.2889828643679747
366.28     0.29200593239302675
369.61     0.29488429778307
372.95     0.29276578345308424
376.28     0.29124735767385
379.62     0.2872521053894873
382.95     0.28605552566672554
386.29     0.2844680824177498
389.63     0.28584365717705507
392.96     0.2840379248883633
396.3      0.2843620833268188
399.63     0.2826674597619484
402.97     0.28146914717625426
406.31     0.28255025879234097
409.64     0.283050799956413
412.98     0.28226731546484574
416.31     0.2816632508706166
419.65     0.2773901792707075
422.98     0.27939437547951496
426.32     0.28149425483788537
429.66     0.2774119239939713
432.99     0.27969286417431716
436.33     0.278073111496533
439.66     0.2801470893811411
443.0      0.2835315509219274
446.34     0.2831361568445244
449.67     0.2841632923299988
453.01     0.28347745476298436
456.34     0.28498972202813866
459.68     0.2836338381870307
463.01     0.28703554823452027
466.35     0.28433944235752306
469.69     0.2949761435164374
473.02     0.31078610950417707
476.36     0.3110233693651987
479.69     0.3149582372615718
483.03     0.3159543745914918
486.37     0.32063605582740007
489.7      0.3194695030939241
493.04     0.3197528509602454
496.37     0.3251005511926076
499.71     0.33640678903766974
503.04     0.344056667994884
506.38     0.3605706625335331
509.72     0.37147613733682194
513.05     0.3863710940237187
516.39     0.391705103835569
519.72     0.3960571701178871
523.06     0.3980262277031623
526.4      0.401798858780689
529.73     0.4146729765757038
533.07     0.4219127883558419
536.4      0.4384724053038521
539.74     0.4460822315614219
543.07     0.45763732157596815
546.41     0.4605493747593562
549.75     0.4636999239369949
553.08     0.46515875164798004
556.42     0.4696293305858572
559.75     0.4722618219276127
563.09     0.47496334914419813
566.43     0.4765393143146823
569.76     0.48028320939186453
573.1      0.4832097631054685
576.43     0.48855312384097926
579.77     0.4934753560540899
583.11     0.4999160692972663
586.44     0.5071548537731865
589.78     0.515939875142536
593.11     0.5185353332323914
596.45     0.5204560112999892
599.78     0.5273435440099006
603.12     0.5274533328764925
606.46     0.5280973827004221
609.79     0.5357065141016137
613.13     0.542837699893707
616.46     0.5451996357944239
619.8      0.5514528246773412
623.14     0.5571428128033192
626.47     0.5612538715054902
629.81     0.5645418738613808
633.14     0.5644702943323969
636.48     0.5692499508334847
639.81     0.5726817253239769
643.15     0.572685392767889
646.49     0.5822001474399584
649.82     0.5995057644857467
653.16     0.6275434969408196
656.49     0.6356423027685044
659.83     0.6404426292111131
663.17     0.641808674315542
666.5      0.6499949728285992
669.84     0.658453145407874
673.17     0.6732184138394097
676.51     0.694541876932024
679.84     0.7082334586660344
683.18     0.7158798986515016
686.52     0.7231397738944575
689.85     0.7338226887665571
693.19     0.7357105466636704
696.52     0.7559855151934134
699.86     0.7775854001661646
703.2      0.7884858847000149
706.53     0.794674844245649
709.87     0.7999439160301325
713.2      0.8037711485841605
716.54     0.8056762076735275
719.87     0.8156503689592141
723.21     0.8163538646030786
726.55     0.8177578404641332
729.88     0.8182232281871591
733.22     0.8186439874167548
736.55     0.819168687599896
739.89     0.818824463235799
743.23     0.8174438046724144
746.56     0.8165989517450867
749.9      0.8164532875669795
753.23     0.8152898386297529
756.57     0.8148250918442982
759.9      0.8142142656137367
763.24     0.8133005693803402
766.58     0.812893851640262
769.91     0.8117457815484405
773.25     0.8103289553586428
776.58     0.8100699384531869
779.92     0.8067975522571489
783.26     0.8024396222886525
786.59     0.7933230604625665
789.93     0.7944078164067699
793.26     0.7993936837272875
796.6      0.8299914140519608
799.93     0.8651890089449834
803.27     0.8712279527558464
806.61     0.880762998719355
809.94     0.8861732571796933
813.28     0.8854765342725017
816.61     0.8840770988427243
819.95     0.8819168390066017
823.29     0.8785297947705376
826.62     0.8782105613319895
829.96     0.8698077010850631
833.29     0.8579126434031047
836.63     0.8516662313117941
839.96     0.8475169305272844
843.3      0.8435353053339195
846.64     0.8406428208619166
849.97     0.8386706043379436
853.31     0.829143715292389
856.64     0.827478803358057
859.98     0.8263905481564192
863.32     0.8265203656246791
866.65     0.8255563294470036
869.99     0.8247709644284114
873.32     0.8248416460420527
876.66     0.8251848852099647
879.99     0.8255554439041257
883.33     0.8256649091868369
886.67     0.8262944201446284
890.0      0.8276041877212378
893.34     0.8285580439534754
896.67     0.8310951758324683
900.01     0.8343200893300423
903.35     0.8399820242253722
906.68     0.8494865263378606
910.02     0.8761928999438441
913.35     0.9082102820491188
916.69     0.9741054022960549
920.02     0.9927999359234018
923.36     0.9996183423569688
926.7      0.9995114044549243
930.03     0.9954849204561554
933.37     0.9805441879850111
936.7      0.9762804197064431
940.04     0.9692131320932867
943.38     0.9618834369884988
946.71     0.9600092485402523
950.05     0.9597024729009602
953.38     0.9600504325660771
956.72     0.9598153439206244
960.06     0.9597291486477222
963.39     0.9592330415630649
966.73     0.9592461544018681
970.06     0.9588066520204569
973.4      0.9585686736483555
976.73     0.9583837378216513
980.07     0.9584546927480772
983.41     0.9585748800391214
986.74     0.9591129908789999
990.08     0.9591863556634488
993.41     0.9592714481528619
996.75     0.9589419177158479
1000.09    0.958886763477482
1003.42    0.9591984500977209
1006.76    0.959226724160436
1010.09    0.9592865510984359
1013.43    0.959988670445573
1016.76    0.9611636439146729
1020.1     0.9609717248268026
1023.44    0.9609084825135912
1026.77    0.9614306309289775
1030.11    0.962697261984875
1033.44    0.9634771593811116
1036.78    0.9621155216944637
1040.12    0.9587279567003366
1043.45    0.9434912699499126
1046.79    0.9186801377429582
1050.12    0.8172094626131853
1053.46    0.7564624735283649
1056.79    0.7210699561037937
1060.13    0.7109509663471979
1063.47    0.6692433248529379
1066.8     0.6602231643972734
1070.14    0.658613225747462
1073.47    0.6534838318893763
1076.81    0.6516297305223349
1080.15    0.6477674876992258
1083.48    0.6443248638385024
1086.82    0.639509159853408
1090.15    0.635780674914685
1093.49    0.6336360629805731
1096.82    0.6338436721504586
1100.16    0.6329459301671526
1103.5     0.6324506127675171
1106.83    0.6318466298294708
1110.17    0.6310311859815096
1113.5     0.6284487422151313
1116.84    0.6261804008229108
1120.18    0.6210699636862607
1123.51    0.6200641414856125
1126.85    0.6169024729894798
1130.18    0.6163538725382898
1133.52    0.6147441510771434
1136.85    0.6115459479486333
1140.19    0.6093212994656567
1143.53    0.6075871196323441
1146.86    0.5977706557569584
1150.2     0.5852430900357419
1153.53    0.5826541625613557
1156.87    0.5746432159327595
1160.21    0.5626071501983825
1163.54    0.5322319437889561
1166.88    0.4967498739775391
1170.21    0.47020098673380784
1173.55    0.4379794644960693
1176.88    0.4238225207846579
1180.22    0.41236925208157926
1183.56    0.39687172123070513
1186.89    0.384578012073181
1190.23    0.35573031774522157
1193.56    0.348079522182719
1196.9     0.3426034301986044
1200.24    0.3398427479550692
1203.57    0.32268228649670994
1206.91    0.3196211517477823
1210.24    0.31843356896880326
1213.58    0.31554421035076674
1216.91    0.31072415261711084
1220.25    0.30863116238865296
1223.59    0.31071084211353506
1226.92    0.3114206409943441
1230.26    0.30119788500441913
1233.59    0.3001715892169535
1236.93    0.29194886472867443
1240.27    0.29185528862674603
1243.6     0.28827961306651795
1246.94    0.28498734029308725
1250.27    0.2843511214470078
1253.61    0.2879100062934551
1256.94    0.28581114968067733
1260.28    0.2906297781954339
1263.62    0.2899559041922394
1266.95    0.29163077769064893
1270.29    0.28878254797437175
1273.62    0.2891036668537006
1276.96    0.28612594560821036
1280.3     0.2840965487781897
1283.63    0.2840885951385772
1286.97    0.2879061206139599
1290.3     0.29010887931924434
1293.64    0.2907786420870697
1296.98    0.29132717437679057
1300.31    0.2946807870767234
1303.65    0.29884828779710715
1306.98    0.29891261250654033
1310.32    0.3013505723943013
1313.65    0.30331268564845915
1316.99    0.30393129117987683
1320.33    0.3068105202842937
1323.66    0.3143218011644453
1327.0     0.3199937202895218
1330.33    0.3284257632259284
1333.67    0.33274364124405054
1337.01    0.33982528042137994
1340.34    0.3448369343272131
1343.68    0.346032058483262
1347.01    0.35017758235884067
1350.35    0.351353005790087
1353.68    0.3735142521200848
1357.02    0.3745359030897406
1360.36    0.3726516826876014
1363.69    0.37851825985455667
1367.03    0.3935060754457582
1370.36    0.4036068817645867
1373.7     0.425744506021031
1377.04    0.44475697320934693
1380.37    0.4681056098686537
1383.71    0.580711126255801
1387.04    0.7793832046206006
1390.38    0.8119372422898095
1393.71    0.8250396516344072
1397.05    0.8312711759839733
1400.39    0.8324729578843103
1403.72    0.8340578008658353
1407.06    0.8350194812503218
1410.39    0.8352225085250087
1413.73    0.8354250126924042
1417.07    0.8356632485400248
1420.4     0.8358778432784969
1423.74    0.8358609965695772
1427.07    0.836076439368066
1430.41    0.8362232438319057
1433.74    0.8361879137874619
1437.08    0.8361235441103303
1440.42    0.8362248222634641
1443.75    0.8363259551828142
1447.09    0.8363189771371188
1450.42    0.8365612844864184
1453.76    0.836597495048005
1457.1     0.8364180657014403
1460.43    0.8363262341778414
1463.77    0.8359714366206852
1467.1     0.8358755779955537
1470.44    0.8355492876609509
1473.77    0.835633345555097
1477.11    0.8358317693364683
1480.45    0.8357884422564131
1483.78    0.8356766377797689
1487.12    0.8346117792281519
1490.45    0.8345811770150897
1493.79    0.8346583726651958
1497.13    0.8344835563392952
1500.46    0.8339545326917793
1503.8     0.8334051066682064
1507.13    0.8316278141865072
1510.47    0.8300087282561911
1513.8     0.8276516090759619
1517.14    0.8083773064447993
1520.48    0.6629310414393256
1523.81    0.5660296514710783
1527.15    0.489171151563751
1530.48    0.4295544816945932
1533.82    0.4157554539416104
1537.16    0.3930825141701766
1540.49    0.3764704428732142
1543.83    0.3723708036711736
1547.16    0.3691370378517369
1550.5     0.36329745044208517
1553.83    0.35766035388059036
1557.17    0.35748123199096815
1560.51    0.355447377755135
1563.84    0.35401945620297026
1567.18    0.3553618149225357
1570.51    0.3553072254079984
1573.85    0.35482261278216176
1577.19    0.3532422649457492
1580.52    0.35247682078494735
1583.86    0.3518696918987926
1587.19    0.37418810627949295
1590.53    0.3916028994228137
1593.86    0.4032126534576358
1597.2     0.43192387530160825
1600.54    0.4397761675715063
1603.87    0.449912890263508
1607.21    0.46760644326599576
1610.54    0.4706110207362816
1613.88    0.4963982533961766
1617.22    0.5033577053695379
1620.55    0.5042373404365064
1623.89    0.5054403979362663
1627.22    0.5059981534512918
1630.56    0.5062530774284352
1633.89    0.5039501021346965
1637.23    0.5063813433119628
1640.57    0.5065548192389248
1643.9     0.5074404293150536
1647.24    0.5130870496192186
1650.57    0.5156441517095474
1653.91    0.5169104242444509
1657.25    0.5263445764219559
1660.58    0.5291208733239694
1663.92    0.5322046092375263
1667.25    0.5344267364674418
1670.59    0.5359353249396637
1673.93    0.5379987011905917
1677.26    0.5429710718334455
1680.6     0.5438415362725685
1683.93    0.5459120840473648
1687.27    0.5488365454312837
1690.6     0.5508440302778768
1693.94    0.5548307822599101
1697.28    0.5565390671747688
1700.61    0.5611060880345915
1703.95    0.5646285456656095
1707.28    0.566625219412938
1710.62    0.5732178830345624
1713.96    0.5832893499427985
1717.29    0.5914137864422866
1720.63    0.5952334943808486
1723.96    0.598797401647141
1727.3     0.6017507494449262
1730.63    0.5937995988394416
1733.97    0.5922928845241016
1737.31    0.5910445012119683
1740.64    0.5830334845083547
1743.98    0.5811490445517075
1747.31    0.567034853854795
1750.65    0.5626372335101417
1753.99    0.5616661075071189
1757.32    0.5616630344026986
1760.66    0.561301464328073
1763.99    0.5600822302484586
1767.33    0.5581984439842753
1770.66    0.5557033772556863
1774.0     0.5557259464773181
1777.34    0.5544501971623695
1780.67    0.5491436430705453
1784.01    0.5465884255993769
1787.34    0.5440271098960225
1790.68    0.5351785480406392
1794.02    0.5321342037780572
1797.35    0.529228986195166
1800.69    0.5265523310089987
1804.02    0.5253578790268565
1807.36    0.5232806866009675
1810.69    0.5171880496143161
1814.03    0.5162699647650824
1817.37    0.5161852677634663
1820.7     0.5154831275237337
1824.04    0.5163163556014811
1827.37    0.5224135934573391
1830.71    0.5272867779027925
1834.05    0.5246287056946823
1837.38    0.5229565807229606
1840.72    0.5227747365521327
1844.05    0.5163390190957955
1847.39    0.5047207323656877
1850.72    0.4926420678478268
1854.06    0.4731274123330018
1857.4     0.45414713783995586
1860.73    0.43742113337528765
1864.07    0.43292719685915904
1867.4     0.42883083413179
1870.74    0.4197257866026066
1874.08    0.41486630444659967
1877.41    0.4116564599923709
1880.75    0.4078308563678621
1884.08    0.40762660205416434
1887.42    0.4070923574276216
1890.75    0.4026865306575861
1894.09    0.4006880611875655
1897.43    0.4004129674410457
1900.76    0.40135657864469565
1904.1     0.4008785507674959
1907.43    0.39967146000497544
1910.77    0.3994821830539823
1914.11    0.4005212789747109
1917.44    0.4005846727206239
1920.78    0.4003549034049272
1924.11    0.40022481936277465
1927.45    0.39937149030317975
1930.78    0.3991911468799997
1934.12    0.397547819976826
1937.46    0.3970366270094323
1940.79    0.3959960286228995
1944.13    0.3962394831463142
1947.46    0.3964343154112173
1950.8     0.39230177624337137
1954.14    0.38740328141324687
1957.47    0.37821887740721916
1960.81    0.34740029223158175
1964.14    0.3230163689448694
1967.48    0.30917290851881607
1970.81    0.2962298506023109
1974.15    0.28499963552247864
1977.49    0.2718111288229369
1980.82    0.2509453310645151
1984.16    0.2351709463221956
1987.49    0.23686444304734344
1990.83    0.232940007304261
1994.17    0.22807926764910924
1997.5     0.22545743026815823
2000.84    0.22140157246140701
2004.17    0.22568991976622732
2007.51    0.22621033331002627
2010.85    0.2293319458602754
2014.18    0.2279527320428295
2017.52    0.2272775704932236
2020.85    0.22642593067230987
2024.19    0.2274711050451631
2027.52    0.22638487166346688
2030.86    0.22546693614497182
2034.2     0.22493276885056102
2037.53    0.22553802763064412
2040.87    0.22662592379112068
2044.2     0.22693264700577243
2047.54    0.22468587309215826
2050.88    0.22828636450466322
2054.21    0.23122718100066353
2057.55    0.2306131537699192
2060.88    0.2320096153732868
2064.22    0.23656283218824303
2067.55    0.24044767298553893
2070.89    0.24247999264826248
2074.23    0.24251266324739562
2077.56    0.24254410327022913
2080.9     0.24096789964028242
2084.23    0.23802507515065785
2087.57    0.23540127673894062
2090.91    0.23595846829699152
2094.24    0.23632597562946245
2097.58    0.2369140820555633
2100.91    0.23548353836235814
2104.25    0.23444464429933276
2107.58    0.23299308477742986
2110.92    0.23086756959646648
2114.26    0.23094562077187808
2117.59    0.22825280713109575
2120.93    0.22469709802827142
2124.26    0.22506016192901646
2127.6     0.22661409410254085
2130.94    0.22815500874510253
2134.27    0.22740072190043037
2137.61    0.2227812886546473
2140.94    0.22175492679639797
2144.28    0.21927190152539466
2147.61    0.22013921941201442
2150.95    0.22028770303168
2154.29    0.22578007601521255
2157.62    0.23398360693893094
2160.96    0.23509219604248843
2164.29    0.23579014649278573
2167.63    0.23901007504576133
2170.97    0.24916014971842992
2174.3     0.25840859501853397
2177.64    0.26600740922065147
2180.97    0.27768219203504485
2184.31    0.28286613552842244
2187.64    0.2939924408123691
2190.98    0.29766271921929566
2194.32    0.313743025400689
2197.65    0.31266917814780315
2200.99    0.3136372197448427
2204.32    0.31304526033546887
2207.66    0.31831111128655365
2211.0     0.3208145777980792
2214.33    0.3234705147104704
2217.67    0.32532541433649464
2221.0     0.32606581351722064
2224.34    0.32693782379811887
2227.67    0.3281222105230872
2231.01    0.328538020108055
2234.35    0.32831253761392065
2237.68    0.3315686504675325
2241.02    0.3343602402489505
2244.35    0.3354441099605532
2247.69    0.3366365222989538
2251.03    0.33973683605578786
2254.36    0.34132200435334237
2257.7     0.3400586746324479
2261.03    0.3418134687467045
2264.37    0.3417357406207645
2267.7     0.3455189478312558
2271.04    0.3509922348276686
2274.38    0.351366103576635
2277.71    0.3512344176432167
2281.05    0.3517311580483221
2284.38    0.3518452363748288
2287.72    0.34880777800606
2291.06    0.34528283403809856
2294.39    0.3467184245434395
2297.73    0.347121865923133
2301.06    0.34614090500667205
2304.4     0.3431272677858953
2307.73    0.33672580054391055
2311.07    0.33209614537140053
2314.41    0.32426714296522097
2317.74    0.3184694571768867
2321.08    0.3099771754081869
2324.41    0.30831720357992887
2327.75    0.29349960855242874
2331.09    0.29155536310940433
2334.42    0.28747462002339963
2337.76    0.2852089862753997
2341.09    0.2786981833908292
2344.43    0.27514939285428575
2347.76    0.27181257265984005
2351.1     0.26709242161486924
2354.44    0.26953542351210624
2357.77    0.27097951061798875
2361.11    0.2706952127506702
2364.44    0.27156613594784074
2367.78    0.27288828007297583
2371.12    0.26972671164468687
2374.45    0.2664054897053689
2377.79    0.26755721652164965
2381.12    0.2694282370915998
2384.46    0.2655516027214312
2387.8     0.2659874239235053
2391.13    0.27517010313384027
2394.47    0.27495324164957535
2397.8     0.2749124311661971
2401.14    0.2737703959420523
2404.47    0.2673315162857236
2407.81    0.2696072357242163
2411.15    0.27319616165513105
2414.48    0.2750522780910135
2417.82    0.2770264591827315
2421.15    0.280594430267473
2424.49    0.28308560126965876
2427.83    0.28410280767648455
2431.16    0.2852002618441236
2434.5     0.28594656093958315
2437.83    0.2874916765244371
2441.17    0.28899653459828945
2444.5     0.29193558593313773
2447.84    0.2920469923866531
2451.18    0.2962875724974128
2454.51    0.29415394292873676
2457.85    0.2970800112541604
2461.18    0.29648782422098774
2464.52    0.29907381952257683
2467.86    0.2991702045163078
2471.19    0.3044645230084645
2474.53    0.3091776518846656
2477.86    0.3127443689417059
2481.2     0.31850378746509334
2484.53    0.32135212825458725
2487.87    0.32303076763918503
2491.21    0.32831835272836163
2494.54    0.32919917924226627
2497.88    0.3299569070260183
2501.21    0.33019233403283543
2504.55    0.3313172129745159
2507.89    0.33515165698081684
2511.22    0.33587750986359577
2514.56    0.3358008095622602
2517.89    0.33630542795523366
2521.23    0.3372494086902239
2524.56    0.3345498226972785
2527.9     0.3351197042642823
2531.24    0.3388074590853336
2534.57    0.34004649127680076
2537.91    0.3411069963075938
2541.24    0.33933555883024935
2544.58    0.3387417265835727
2547.92    0.3382839412426182
2551.25    0.3368247884320188
2554.59    0.33551307020948573
2557.92    0.33354485200889616
2561.26    0.33085273352584177
2564.59    0.33091213157570576
2567.93    0.33145003060097544
2571.27    0.3370029828365604
2574.6     0.3384408981283652
2577.94    0.3358708986323724
2581.27    0.33863530520668506
2584.61    0.34058678286574195
2587.95    0.34449648184858905
2591.28    0.3452150913266355
2594.62    0.34481408603989694
2597.95    0.34424407990815986
2601.29    0.348965217214975
2604.62    0.3496270020234884
2607.96    0.3474281678073503
2611.3     0.347228860318759
2614.63    0.34467331007848256
2617.97    0.3465379399263073
2621.3     0.34272260455243153
2624.64    0.3392405899908073
2627.98    0.3387031275112449
2631.31    0.3373181016147131
2634.65    0.3374109815318149
2637.98    0.33577963966646585
2641.32    0.33168213504046473
2644.65    0.32935456651977457
2647.99    0.3286219234500577
2651.33    0.32758533627435904
2654.66    0.3241683849705045
2658.0     0.32149512733604446
2661.33    0.31884483167791955
2664.67    0.3146111098061606
2668.01    0.31139920293183876
2671.34    0.30961227686388104
2674.68    0.30933704670566853
2678.01    0.30771506489472944
2681.35    0.3058535292802219
2684.68    0.30657277884762557
2688.02    0.3040644089676737
2691.36    0.3058284369650066
2694.69    0.3056462941519894
2698.03    0.3046622531507033
2701.36    0.302870977733644
2704.7     0.29125811801466583
2708.04    0.2881269097173015
2711.37    0.2888117015896894
2714.71    0.28465256588475973
2718.04    0.2767410000499616
2721.38    0.27307465884240323
2724.72    0.26720277784838387
2728.05    0.26493043598103017
2731.39    0.261581700088916
2734.72    0.25282822042084063
2738.06    0.2472239190256592
2741.39    0.24662420732814128
2744.73    0.24139210080363638
2748.07    0.23664457305889164
2751.4     0.22793607217536282
2754.74    0.2259551325830843
2758.07    0.23660887050240753
2761.41    0.24107723839816908
2764.75    0.24487099641850163
2768.08    0.2638992047831631
2771.42    0.32493880300007594
2774.75    0.366302644652133
2778.09    0.3769428864286395
2781.42    0.3884461953115037
2784.76    0.40221916714786954
2788.1     0.40559922788554836
2791.43    0.40770663322364775
2794.77    0.4074160462788873
2798.1     0.4072430019468314
2801.44    0.4069267185448777
2804.78    0.40624660591505535
2808.11    0.40733002725124634
2811.45    0.40731776143248066
2814.78    0.4067323971210818
2818.12    0.40529824919756663
2821.45    0.40549517997110784
2824.79    0.4043478304519982
2828.13    0.40460659979141544
2831.46    0.40419365679436214
2834.8     0.40396253202114707
2838.13    0.4038818486368516
2841.47    0.4041560442506179
2844.81    0.40489174995217647
2848.14    0.4044852008836045
2851.48    0.4039331725223616
2854.81    0.4025187104982637
2858.15    0.4032897059442616
2861.48    0.4050726093373148
2864.82    0.4062300815201534
2868.16    0.40818277115882784
2871.49    0.4127037696800945
2874.83    0.41371439236636254
2878.16    0.41488754872686384
2881.5     0.41522022608778186
2884.84    0.41645598968542885
2888.17    0.41826135626712224
2891.51    0.4157960604061789
2894.84    0.4163227830877776
2898.18    0.4164132631054901
2901.51    0.41055137328398816
2904.85    0.38381322051906464
2908.19    0.3532890840976117
2911.52    0.3502289255496871
2914.86    0.34362051372740166
2918.19    0.32784613128903106
2921.53    0.33470585103344463
2924.87    0.33957119092278965
2928.2     0.35157850978541727
2931.54    0.36767092228116094
2934.87    0.3786024285483478
2938.21    0.3873259667525093
2941.54    0.4017948334838882
2944.88    0.41912963962870486
2948.22    0.4467100983879151
2951.55    0.46280772270098325
2954.89    0.47856598688608265
2958.22    0.5023629824125964
2961.56    0.5225842483641622
2964.9     0.5550804664442042
2968.23    0.5681431593491125
2971.57    0.5887084940392023
2974.9     0.5985190528188027
2978.24    0.6083194771349361
2981.57    0.6404837749867065
2984.91    0.6520055804310774
2988.25    0.6557480610755385
2991.58    0.6615321731110706
2994.92    0.6682542055032215
2998.25    0.6751025854494141
3001.59    0.68070554294942
3004.93    0.684420080966837
3008.26    0.6855872662700682
3011.6     0.6896998118336883
3014.93    0.6926907606915458
3018.27    0.6957382791939006
3021.6     0.6990292266809512
3024.94    0.6993962051511444
3028.28    0.7027359623711548
3031.61    0.705286419305599
3034.95    0.7157622958169045
3038.28    0.7166249852800304
3041.62    0.719776327343681
3044.96    0.7269060726218481
3048.29    0.73130613764594
3051.63    0.7359035575110764
3054.96    0.7391742122876079
3058.3     0.740889785434516
3061.63    0.7420961330693454
3064.97    0.7436427571667901
3068.31    0.7489775404927699
3071.64    0.7552137818242917
3074.98    0.7574081487148088
3078.31    0.7584026515161736
3081.65    0.7620435341361018
3084.99    0.7624091626676324
3088.32    0.7711311301705307
3091.66    0.7731804041370323
3094.99    0.7723270692121329
3098.33    0.7664875971462833
3101.67    0.7689116519591516
3105.0     0.7660952301919761
3108.34    0.7644794268177975
3111.67    0.764637708391134
3115.01    0.7528459874177125
3118.34    0.7487454801243573
3121.68    0.7492859684368514
3125.02    0.7477102925428614
3128.35    0.7473419567771882
3131.69    0.7492738625267386
3135.02    0.7458745287627139
3138.36    0.7426775053999035
3141.7     0.7428368780018535
3145.03    0.7406841211921207
3148.37    0.7386288070280985
3151.7     0.7365541936724803
3155.04    0.7338809284870618
3158.37    0.7343338976043972
3161.71    0.7332348383464882
3165.05    0.7320433935628519
3168.38    0.723425933569199
3171.72    0.72263319748116
3175.05    0.7197368084017564
3178.39    0.7128482844826631
3181.73    0.7083399340968806
3185.06    0.7040699462953399
3188.4     0.6995425440340101
3191.73    0.6982829561015707
3195.07    0.6981050197240648
3198.4     0.6945045338301348
3201.74    0.6855733319227946
3205.08    0.6748738950033146
3208.41    0.6695903574199439
3211.75    0.6661320066430626
3215.08    0.653155209336657
3218.42    0.6488350002489047
3221.76    0.6263716155380589
3225.09    0.612157574275398
3228.43    0.6052230661647195
3231.76    0.5999297850034857
3235.1     0.5824512662311581
3238.43    0.5726841428523077
3241.77    0.5675049104215323
3245.11    0.5563797557303439
3248.44    0.5486069436748073
3251.78    0.5428135971044372
3255.11    0.5342663198094
3258.45    0.527365606216867
3261.79    0.512573220659011
3265.12    0.48422257691215287
3268.46    0.48251010337908695
3271.79    0.4850637648677213
3275.13    0.48002980739632173
3278.46    0.4762376916311247
3281.8     0.4760286852418534
3285.14    0.4752137603676283
3288.47    0.47579999633357706
3291.81    0.46972932917825383
3295.14    0.4607473811209858
3298.48    0.45537641833298415
3301.82    0.449277872499353
3305.15    0.44463514016527816
3308.49    0.4400119364557833
3311.82    0.43124897542118124
3315.16    0.4228926625851388
3318.49    0.41349140422266994
3321.83    0.4085328594783112
3325.17    0.3967413169579097
3328.5     0.37695033636256337
3331.84    0.371887178590835
3335.17    0.36924538256119477
3338.51    0.36615486914640016
3341.85    0.35750222721786207
3345.18    0.34322585122399185
3348.52    0.338466223490583
3351.85    0.3290430266906743
3355.19    0.31183452327592176
3358.52    0.29763205063553577
3361.86    0.2820827582159384
3365.2     0.2764223678546267
3368.53    0.27015434864668864
3371.87    0.2552235756025302
3375.2     0.24564120793094713
3378.54    0.22640682017485547
3381.88    0.21860527920915274
3385.21    0.20895474133758696
3388.55    0.1990243288702912
3391.88    0.19338278679942889
3395.22    0.18534407883419424
3398.55    0.17794734414494118
3401.89    0.16926433782711625
3405.23    0.14537136881218937
3408.56    0.1377648328186324
3411.9     0.1278587287766031
3415.23    0.1170386037317489
3418.57    0.10171127640489142
3421.91    0.08189121729736415
3425.24    0.0784766041261874
3428.58    0.057204458286114424
3431.91    0.040135161483666026
3435.25    0.03472396614334139
3438.59    0.025738360560162543
3441.92    0.019967154342862226
3445.26    0.01771237480335275
3448.59    0.02079259286662627
3451.93    0.017829447132191367
3455.26    0.017548455775573624
3458.6     0.013620163323383672
3461.94    0.015262937940617172
3465.27    0.015601001692147398
3468.61    0.014299531585741376
3471.94    0.010184054331827008
3475.28    0.005715224930842866
3478.62    0.006751580873328833
3481.95    0.004663328614477158
3485.29    0.013133155035560451
3488.62    0.011935410315876971
3491.96    0.012398352650608402
3495.29    0.008666932386421022
3498.63    0.0048974738261136075
3501.97    0.004325126450131167
3505.3     0.0018588291218202269
3508.64    0.00148142081738456
3511.97    0.0       
3515.31    0.006803029632293067
3518.65    0.00831134839734804
3521.98    0.00987301246246075
3525.32    0.014623331518420768
3528.65    0.01663647315662542
3531.99    0.01836062200059274
3535.32    0.024530124491355054
3538.66    0.02298716925675426
3542.0     0.021155196065122617
3545.33    0.023412392467490495
3548.67    0.026635394167461968
3552.0     0.028409610375649486
3555.34    0.03536465482309337
3558.68    0.03830936579599553
3562.01    0.04075300359161205
3565.35    0.0432303908846976
3568.68    0.04849676571695405
3572.02    0.057589899976258296
3575.35    0.05938739307671692
3578.69    0.06211410664203387
3582.03    0.08000537184688483
3585.36    0.08635130314125139
3588.7     0.08709105266092876
3592.03    0.08928279085564206
3595.37    0.08995917306858148
3598.71    0.09070612824101709
3602.04    0.09264886207891998
3605.38    0.09447626240547013
3608.71    0.09790002280921584
3612.05    0.10225568006937091
3615.38    0.10353973143044293
3618.72    0.09897168432865433
3622.06    0.10684542066502667
3625.39    0.1126766001771522
3628.73    0.12064436443296633
3632.06    0.12338513809631324
3635.4     0.12772761076304362
3638.74    0.13073227823045674
3642.07    0.13480984343439273
3645.41    0.13819475159155648
3648.74    0.14146383357880732
3652.08    0.1455995797682903
3655.41    0.1556985353456244
3658.75    0.15928626115141842
3662.09    0.1604628589221243
3665.42    0.16147591974652376
3668.76    0.16530811582785854
3672.09    0.17768879042544916
3675.43    0.1778579459083206
3678.77    0.18315708922334095
3682.1     0.19025345490477308
3685.44    0.19206956333488245
3688.77    0.1909198769499253
3692.11    0.19390688925038457
3695.44    0.1946572426678076
3698.78    0.19472563222663264
3702.12    0.19523978612865045
3705.45    0.19362380216252706
3708.79    0.1930740802100881
3712.12    0.19302800538381804
3715.46    0.1842634856176305
3718.8     0.1837854144589277
3722.13    0.18414038863863402
3725.47    0.18374557208825837
3728.8     0.1833552273985486
3732.14    0.18510413873984166
3735.47    0.18689373743795967
3738.81    0.18987127389232739
3742.15    0.1924671218178502
3745.48    0.19141711238482761
3748.82    0.19384397819684174
3752.15    0.1968855535246714
3755.49    0.19462894087232552
3758.83    0.19279333481574457
3762.16    0.19206315127406093
3765.5     0.19404850814037966
3768.83    0.19702728925550206
3772.17    0.19972952398499044
3775.5     0.20152269040002957
3778.84    0.20235877130371227
3782.18    0.20422363561409618
3785.51    0.2029793235534776
3788.85    0.19801326474122183
3792.18    0.19615903360214904
3795.52    0.19695845514099497
3798.86    0.19800123079849719
3802.19    0.19442962604660308
3805.53    0.1869596035466048
3808.86    0.19104352402707647
3812.2     0.185869030791582
3815.54    0.179283446077939
3818.87    0.1777234521830373
3822.21    0.17782036074647634
3825.54    0.17762227650416818
3828.88    0.17615709145712344
3832.21    0.17575139260624684
3835.55    0.1735030513830691
3838.89    0.17232459353375362
3842.22    0.1723326069338681
3845.56    0.17373844366329483
3848.89    0.17667898251845993
3852.23    0.17521817061835498
3855.57    0.1760491973175684
3858.9     0.17685772110354803
3862.24    0.17908120868483013
3865.57    0.17947152642964903
3868.91    0.17804314115826025
3872.24    0.17640169487855895
3875.58    0.1726235528788198
3878.92    0.17462664809334283
3882.25    0.17386281266492543
3885.59    0.17188163041430604
3888.92    0.17250599292874713
3892.26    0.17202261330708013
3895.6     0.17745864633797626
3898.93    0.17967840490696507
3902.27    0.18493351654398094
3905.6     0.18793780019719464
3908.94    0.18682085067321486
3912.27    0.18782122405526025
3915.61    0.18841449114389364
3918.95    0.1891269870571396
3922.28    0.19367574579140834
3925.62    0.19483733852731822
3928.95    0.1991265715108128
3932.29    0.2049380787017815
3935.63    0.20695114884873023
3938.96    0.21165498625034562
3942.3     0.2155682780127931
3945.63    0.2323531755880508
3948.97    0.240938842737626
3952.3     0.2484013514857386
3955.64    0.2575280161199627
3958.98    0.27808918016951867
3962.31    0.29432935787389436
3965.65    0.30048851224829776
3968.98    0.31496284544387965
3972.32    0.31799378580544024
3975.66    0.32136391603616765
3978.99    0.32418415703002235
3982.33    0.32658844540978016
3985.66    0.33240577364160073
3989.0     0.3337256084343675
3992.33    0.3363593351295564
3995.67    0.34264377533016577
3999.01    0.3445291650860771
4002.34    0.3452802112969233
4005.68    0.3468898427133028
4009.01    0.3489237835675941
4012.35    0.35148290351229505
4015.69    0.3523047302528779
4019.02    0.35392972592749394
4022.36    0.35546987510259564
4025.69    0.3557089469666539
4029.03    0.3536680018988637
4032.36    0.35178723304447346
4035.7     0.3490211790698232
4039.04    0.3482353320563847
4042.37    0.34911636229143406
4045.71    0.34854189337955765
4049.04    0.346720344943254
4052.38    0.34592737929954054
4055.72    0.3437909109336793
4059.05    0.3434290111443644
4062.39    0.3412481304534516
4065.72    0.33834997493739527
4069.06    0.33781283470467294
4072.39    0.33468086210861203
4075.73    0.33189138965730325
4079.07    0.3235051443474447
4082.4     0.319248394182837
4085.74    0.3155586637445751
4089.07    0.3095695276510263
4092.41    0.29138817143441187
4095.75    0.2773695754079598
4099.08    0.2727020698450431
4102.42    0.2585264231941944
4105.75    0.257931774934265
4109.09    0.25517994706161784
4112.42    0.2511656474958691
4115.76    0.24586123265940374
4119.1     0.23624071162462423
4122.43    0.2323293774024492
4125.77    0.22662566636653403
4129.1     0.2124685853103715
4132.44    0.20647127608255078
4135.78    0.20559717974903646
